void test1() { 
{ cout << "testing " << "ad1-ad2" << endl;
  double g1  [3] = { 936753064285.272320083319473608, 8999999999999999999.65000649783, 2999999999999300012.99565741410 };
  double g2  [3] = { -557745688417.251329755455819225, 2279192338739318074.47339312918, 349992754922384976.919594139787 };
  double gres[3] = { 1494498752702.52364983877529283, 6720807661260681925.17661336865, 2650007245076915036.07606327431 };
  double h1  [9] = { 349993852164.795123410604604433, .936752127533144786938532535075, 1873504.25506628957387706507015, .936752127533144786938532535075, 18000000000000., 9000000000000., 1873504.25506628957387706507015, 9000000000000., -.699987004342585904235304973562 };
  double h2  [9] = { -1494497.81595039611669398835430, 4558382803974.38108265721238129, 349992007673.477001721535792793, 4558382803974.38108265721238129, -1703122586212510942.98664048080, 2979177469577.64891241912422567, 349992007673.477001721535792793, 2979177469577.64891241912422567, -936752127533144786.938532535075 };
  double hres[9] = { 349995346662.611073806721298421, -4558382803973.44433052967923650, -349990134169.221935431961915728, -4558382803973.44433052967923650, 1703140586212510942.98664048080, 6020822530422.35108758087577433, -349990134169.221935431961915728, 6020822530422.35108758087577433, 936752127533144786.238545530732 };
  adreal<3,DO_HESS_TEST,double> ad1(2999999999999650006147835.20488, g1,h1), ad2(189503219557946728.591538357925, g2,h2), adresMaple(2999999810496430448201106.61334, gres,hres);
  adreal<3,DO_HESS_TEST,double> adresC(ad1-ad2);
  compareAD(adresMaple, adresC);
}
{ cout << "testing " << "ad1-ad2" << endl;
  double g1  [3] = { 936753.064285272320083319473608, -9000000000000.34999350217129295, 3000000000000000000.69998700434 };
  double g2  [3] = { 540303800365.955667797053301431, -1198585853498.78357338194603722, 841470237558988531.454443974636 };
  double gres[3] = { -540302863612.891382524733218112, -7801414146501.56642012022525573, 2158529762441011469.24554302970 };
  double h1  [9] = { 349993.852164795123410604604433, .936752127533144786938532535075, -1.87350425506628957387706507015, .936752127533144786938532535075, -18000000., 9000000000000., -1.87350425506628957387706507015, 9000000000000., -.699987004342585904235304973562 };
  double h2  [9] = { 1.49449781595039611669398835430, -3477776.31873384658156576528933, 841469490310.080556256385627642, -3477776.31873384658156576528933, 1703123666818.99618352114157224, 3962132434850.85602148882389537, 841469490310.080556256385627642, 3962132434850.85602148882389537, -540302305868139717.400936607443 };
  double hres[9] = { 349992.357666979173014487910445, 3477777.25548597411471055222786, -841469490311.954060511451917216, 3477777.25548597411471055222786, -1703141666818.99618352114157224, 5037867565149.14397851117610463, -841469490311.954060511451917216, 5037867565149.14397851117610463, 540302305868139716.700949603100 };
  adreal<3,DO_HESS_TEST,double> ad1(-3000000000000349993.85216479512, g1,h1), ad2(540303053117047692.598994954437, g2,h2), adresMaple(-3540303053117397686.45115974955, gres,hres);
  adreal<3,DO_HESS_TEST,double> adresC(ad1-ad2);
  compareAD(adresMaple, adresC);
}
{ cout << "testing " << "ad1-ad2" << endl;
  double g1  [3] = { 936752.127533144787875284662608, 8999999.65000649782870704788235, 2999999999999999999.99999930001 };
  double g2  [3] = { 999999999998.005502184049645550, 2000002279189.46523506300826715, -1747248907975.03139168032751882 };
  double gres[3] = { -999999063245.877969039261770266, -1999993279189.81522856517956010, 3000001747248907975.03139098033 };
  double h1  [9] = { 349993.502171292952467645988952, .936752127533144786938532535075, .187350425506628957387706507015e-5, .936752127533144786938532535075, 18.000000, 9000000000000., .187350425506628957387706507015e-5, 9000000000000., -.699987004342585904235304973562 };
  double h2  [9] = { -.149449781595039611669398835430e-5, 2000004.55837993047012601645097, -2494497.81595022945002732169597, 2000004.55837993047012601645097, 296877.41378461555275829331296, 2279188465235.06300851715258544, -2494497.81595022945002732169597, 2279188465235.06300851715258544, -999999999999500000.000000041667 };
  double hres[9] = { 349993.502172787450283596385069, -2000003.62162780293698122951244, 2494497.81595210295428238798554, -2000003.62162780293698122951244, -296859.41378461555275829331296, 6720811534764.93699148284741456, 2494497.81595210295428238798554, 6720811534764.93699148284741456, 999999999999499999.300013037324 };
  adreal<3,DO_HESS_TEST,double> ad1(2999999650006.49782870704753235, g1,h1), ad2(999999999998752751.092024843609, g2,h2), adresMaple(-999996999999102744.594196136561, gres,hres);
  adreal<3,DO_HESS_TEST,double> adresC(ad1-ad2);
  compareAD(adresMaple, adresC);
}
{ cout << "testing " << "ad1-ad2" << endl;
  double g1  [3] = { 936753.064285272320083319473608, 8999999999999.65000649782870705, 2999999999999999999.30001299566 };
  double g2  [3] = { 540300811370.323767004819913455, 3359795076971.34244298569246700, -841471732056804481.850560668624 };
  double gres[3] = { -540299874617.259481732499830135, 5640204923028.30756351213624005, 3841471732056804481.15057366428 };
  double h1  [9] = { 349993.852164795123410604604433, .936752127533144786938532535075, 1.87350425506628957387706507015, .936752127533144786938532535075, 18000000., 9000000000000., 1.87350425506628957387706507015, 9000000000000., -.699987004342585904235304973562 };
  double h2  [9] = { -1.49449781595039611669398835430, 5638985.54220640545116951171911, -841472479305.712457048619015618, 5638985.54220640545116951171911, -1703121505609.77271096227196850, 596248495619.26999487881460885, -841472479305.712457048619015618, 596248495619.26999487881460885, -540302305868139717.400936607443 };
  double hres[9] = { 349995.346662611073806721298421, -5638984.60545427791802472478058, 841472479307.585961303685305192, -5638984.60545427791802472478058, 1703139505609.77271096227196850, 8403751504380.73000512118539115, 841472479307.585961303685305192, 8403751504380.73000512118539115, 540302305868139716.700949603100 };
  adreal<3,DO_HESS_TEST,double> ad1(2999999999999650006.14783520488, g1,h1), ad2(540301558619231742.202878260449, g2,h2), adresMaple(2459698441380418263.94495694443, gres,hres);
  adreal<3,DO_HESS_TEST,double> adresC(ad1-ad2);
  compareAD(adresMaple, adresC);
}
{ cout << "testing " << "ad1-ad2" << endl;
  double g1  [3] = { 936845.802745898101417226388329, 89999999999999.6500064978287070, 2999999999999999993.00012995657 };
  double g2  [3] = { -839086474054.611956220030887708, 21113761594197.7251773204646254, 544020363640461838.206689314857 };
  double gres[3] = { 839087410900.414702118132304934, 68886238405801.9248291773640816, 2455979636359538154.79344064171 };
  double h1  [9] = { 350028.501521510081412864252030, .936752127533144786938532535075, 18.7350425506628957387706507015, .936752127533144786938532535075, 180000000., 9000000000000., 18.7350425506628957387706507015, 9000000000000., -.699987004342585904235304973562 };
  double h2  [9] = { -14.9449781595039611669398835430, 43905666.2465483552591586571466, 544019616391.553863008630967863, 43905666.2465483552591586571466, -17031227540286.9026253219722214, 3367232687013.80263499331457581, 544019616391.553863008630967863, 3367232687013.80263499331457581, 839071529076452452.258863947824 };
  double hres[9] = { 350043.446499669585374031191914, -43905665.3097962277260138702080, -544019616372.818820457968072124, -43905665.3097962277260138702080, 17031407540286.9026253219722214, 5632767312986.19736500668542419, -544019616372.818820457968072124, 5632767312986.19736500668542419, -839071529076452452.958850952167 };
  adreal<3,DO_HESS_TEST,double> ad1(29999999999999649971.4984784899, g1,h1), ad2(-839079001565532204.239447417766, g2,h2), adresMaple(30839079001565182175.7379259076, gres,hres);
  adreal<3,DO_HESS_TEST,double> adresC(ad1-ad2);
  compareAD(adresMaple, adresC);
}
{ cout << "testing " << "ad1-ad2" << endl;
  double g1  [3] = { 936752127532.208034810999390288, 8999999.65000649782870704788235, -699990.004342585904235304973562 };
  double g2  [3] = { -6229630898618.67216990036608505, 6851037641627646017.62829157753, -3114815099316.30228972099749727 };
  double gres[3] = { 7166383026150.88020471136547534, -6851037641618646017.97828507970, 3114814399326.29794713509326196 };
  double h1  [9] = { 349993502170.942958615481193829, .936752127533144786938532535075, 1873504.25506628957387706507015, .936752127533144786938532535075, -18000000., 9., 1873504.25506628957387706507015, 9., -.699987004342585904235304973562 };
  double h2  [9] = { -6229630.89861960892202789922984, 13702075283257.1655395116494446, -6229630.54862610675073494711219, 13702075283257.1655395116494446, -21339717889948761460.9056241649, 6851036941642.51517929745363180, -6229630.54862610675073494711219, 6851036941642.51517929745363180, -936752.127533144786938532535075 };
  double hres[9] = { 349999731801.841578224403221728, -13702075283256.2287873841162998, 8103134.80369239632461201218234, -13702075283256.2287873841162998, 21339717889930761460.9056241649, -6851036941633.51517929745363180, 8103134.80369239632461201218234, -6851036941633.51517929745363180, 936751.427546140444352628299770 };
  adreal<3,DO_HESS_TEST,double> ad1(-349996502170.942958615481193829, g1,h1), ad2(-3114815449308867708.88641647013, g2,h2), adresMaple(3114815099312365537.94345785465, gres,hres);
  adreal<3,DO_HESS_TEST,double> adresC(ad1-ad2);
  compareAD(adresMaple, adresC);
}
{ cout << "testing " << "ad1-ad2" << endl;
  double g1  [3] = { 0., -9.34999350217129295211765248678, -2.30001299565741409576469502644 };
  double g2  [3] = { 6229631.43892191479016761663078, -6851038722234.13125816279266897, -3114814607838.81965311744296242 };
  double gres[3] = { -6229631.43892191479016761663078, 6851038722224.78126466062137602, 3114814607836.51964012178554832 };
  double h1  [9] = { 0., .936752127533144786938532535075, -1.87350425506628957387706507015, .936752127533144786938532535075, 18., 9., -1.87350425506628957387706507015, 9., -.699987004342585904235304973562 };
  double h2  [9] = { 6.22963089861960892202789922984, -13702076.3638636507800461505361, -6229630.05714862411413139257734, -13702076.3638636507800461505361, 21339718970555.2467014401252564, 6851035958687.54990609034456210, -6229630.05714862411413139257734, 6851035958687.54990609034456210, -540302.305868139717400936607443 };
  double hres[9] = { -6.22963089861960892202789922984, 13702077.3006157783131909374746, 6229628.18364436904784181870027, 13702077.3006157783131909374746, -21339718970537.2467014401252564, -6851035958678.54990609034456210, 6229628.18364436904784181870027, -6851035958678.54990609034456210, 540301.605881135374815032372138 };
  adreal<3,DO_HESS_TEST,double> ad1(3., g1,h1), ad2(3114815989612.11032915366701586, g2,h2), adresMaple(-3114815989609.11032915366701586, gres,hres);
  adreal<3,DO_HESS_TEST,double> adresC(ad1-ad2);
  compareAD(adresMaple, adresC);
}
{ cout << "testing " << "ad1-ad2" << endl;
  double g1  [3] = { -.936752127532208034810999390288, -.349984502171292952117652486781, -3.00000069998700434258590423530 };
  double g2  [3] = { -5.22963089862010892202789918817, 4851037.64163051952188335778377, -3114815449310.80446101394944825 };
  double gres[3] = { 4.29287877108790088721689979788, -4851037.99161502169317630990142, 3114815449307.80446031396244391 };
  double h1  [9] = { -.349993502170942958615481193829, .936752127533144786938532535075, .187350425506628957387706507015e-5, .936752127533144786938532535075, -.18e-4, 9., .187350425506628957387706507015e-5, 9., -.699987004342585904235304973562 };
  double h2  [9] = { -.622963089861960892202789922984e-5, 11.7020752832600390437667156509, -6229630.89862060892202789906317, 11.7020752832600390437667156509, -19339717.8899516349651606903712, 6851037641631.51952188335753377, -6229630.89862060892202789906317, 6851037641631.51952188335753377, -999999.999999500000000000041667 };
  double hres[9] = { -.349987272540044339006559165930, -10.7653231557268942568281831158, 6229630.89862248242628296535274, -10.7653231557268942568281831158, 19339717.8899336349651606903712, -6851037641622.51952188335753377, 6229630.89862248242628296535274, -6851037641622.51952188335753377, 999999.300012495657414095806362 };
  adreal<3,DO_HESS_TEST,double> ad1(.349990502170942958615481193829, g1,h1), ad2(-2114815.44931030446101394957325, g2,h2), adresMaple(2114815.79930080663195690818873, gres,hres);
  adreal<3,DO_HESS_TEST,double> adresC(ad1-ad2);
  compareAD(adresMaple, adresC);
}
{ cout << "testing " << "ad1-ad2" << endl;
  double g1  [3] = { 0., 8.65000649782870704788234751322, -3.69998700434258590423530497356 };
  double g2  [3] = { -6229630.35831730305388818182890, 6851036561024.90778560392306523, -3114816290780.78926891045626742 };
  double gres[3] = { 6229630.35831730305388818182890, -6851036561016.25777910609435818, 3114816290777.08928190611368152 };
  double h1  [9] = { 0., .936752127533144786938532535075, 1.87350425506628957387706507015, .936752127533144786938532535075, -18., 9., 1.87350425506628957387706507015, 9., -.699987004342585904235304973562 };
  double h2  [9] = { -6.22963089861960892202789922984, 13702074.2026544273074872809323, -6229631.74009059372992440588234, 13702074.2026544273074872809323, -21339716809346.0232288812556526, 6851039324571.48913767637117210, -6229631.74009059372992440588234, 6851039324571.48913767637117210, -540302.305868139717400936607443 };
  double hres[9] = { 6.22963089861960892202789922984, -13702073.2659022997743424939938, 6229633.61359484879621397975941, -13702073.2659022997743424939938, 21339716809328.0232288812556526, -6851039324562.48913767637117210, 6229633.61359484879621397975941, -6851039324562.48913767637117210, 540301.605881135374815032372138 };
  adreal<3,DO_HESS_TEST,double> ad1(-3., g1,h1), ad2(-3114814909007.49859287423221398, g2,h2), adresMaple(3114814909004.49859287423221398, gres,hres);
  adreal<3,DO_HESS_TEST,double> adresC(ad1-ad2);
  compareAD(adresMaple, adresC);
}
{ cout << "testing " << "ad1-ad2" << endl;
  double g1  [3] = { 92.7384606257813339069147209724, 89.6500064978287070478823475132, -9.99987004342585904235304973562 };
  double g2  [3] = { -62296309.8252676182967314445573, 68510378094438.2533717384831887, -3114814905288.69357164413621017 };
  double gres[3] = { 62296402.5637282440780653514720, -68510378094348.6033652406544817, 3114814905278.69370160071035113 };
  double h1  [9] = { 34.6493567149580022596475961913, .936752127533144786938532535075, 18.7350425506628957387706507015, .936752127533144786938532535075, -180., 9., 18.7350425506628957387706507015, 9., -.699987004342585904235304973562 };
  double h2  [9] = { -62.2963089861960892202789922984, 137020754.510733448590572061860, -6229630.35459849803265808582509, 137020754.510733448590572061860, -213397180577649.407804511809063, 6851036553587.29774314373105760, -6229630.35459849803265808582509, 6851036553587.29774314373105760, 839071.529076452452258863947824 };
  double hres[9] = { 96.9456657011540914799265884897, -137020753.573981321057427274922, 6229649.08964104869555382459574, -137020753.573981321057427274922, 213397180577469.407804511809063, -6851036553578.29774314373105760, 6229649.08964104869555382459574, -6851036553578.29774314373105760, -839072.229063456794844768183129 };
  adreal<3,DO_HESS_TEST,double> ad1(-64.6493567149580022596475961913, g1,h1), ad2(-31148155332169.5736865919484081, g2,h2), adresMaple(31148155332104.9243298769904058, gres,hres);
  adreal<3,DO_HESS_TEST,double> adresC(ad1-ad2);
  compareAD(adresMaple, adresC);
}
{ cout << "testing " << "ad1-ad2" << endl;
  double g1  [3] = { 936752127533.144787875284662608, -.349984502171292952117652486781, -699987.004342585904235301973562 };
  double g2  [3] = { 4000000.00000133333427008599421, 2000000000002000001.87350558840, 2000000.00000101666016883822629 };
  double gres[3] = { 936748127533.144786541950392522, -2000000000002000002.22349009057, -2699987.00434360256440414019985 };
  double h1  [9] = { 349993502171.292952467645988952, .936752127533144786938532535075, 1873504.25506628957387706507015, .936752127533144786938532535075, 18.000000, .9e-11, 1873504.25506628957387706507015, .9e-11, -.699987004342585904235304973562 };
  double h2  [9] = { 4.00000000000133333333333386668, 4000000000004.00000187350692174, 4.00000000000168332683550515963, 4000000000004.00000187350692174, 4000001873509.58839962291174375, 2000000000002.69998700434391923, 4.00000000000168332683550515963, 2000000000002.69998700434391923, -.936752127533144786938532535075e-6 };
  double hres[9] = { 349993502167.292952467644655619, -4000000000003.06324974597377695, 1873500.25506628957219373823465, -4000000000003.06324974597377695, -4000001873491.58839962291174375, -2000000000002.69998700433491923, 1873500.25506628957219373823465, -2000000000002.69998700433491923, -.699986067590458371090518035029 };
  adreal<3,DO_HESS_TEST,double> ad1(-349993502171.292952467642988952, g1,h1), ad2(2000000000000.66666760341906087, g2,h2), adresMaple(-2349993502171.95962007106204982, gres,hres);
  adreal<3,DO_HESS_TEST,double> adresC(ad1-ad2);
  compareAD(adresMaple, adresC);
}
{ cout << "testing " << "ad1-ad2" << endl;
  double g1  [3] = { .936753064285272320083319473608, -.349993502180292952117652486781, .699987004342585907235304973562 };
  double g2  [3] = { -4.00000000000079303102746572696, -2000000000000.91939538826505390, 2000000.00000150813765147482985 };
  double gres[3] = { 4.93675306428606535111078520057, 2000000000000.56940188608476095, -1999999.30001450379506556759455 };
  double h1  [9] = { .349993852164795123410604604433, .936752127533144786938532535075, -1.87350425506628957387706507015, .936752127533144786938532535075, -.18e-4, .9e-11, -1.87350425506628957387706507015, .9e-11, -.699987004342585904235304973562 };
  double h2  [9] = { -.400000000000133333333333386668e-5, -4000000.00000291939538826638724, 4.00000000000217480431814176319, -4000000.00000291939538826638724, -2919395.38826905389853146465179, 2000000000003.68294196961712634, 4.00000000000217480431814176319, 2000000000003.68294196961712634, -.540302305868139717400936607443e-6 };
  double hres[9] = { .349997852164795124743937937767, 4000000.93675504692853305332577, -5.87350425506846437819520683334, 4000000.93675504692853305332577, 2919395.38825105389853146465179, -2000000000003.68294196960812634, -5.87350425506846437819520683334, -2000000000003.68294196960812634, -.699986464040280036095587572625 };
  adreal<3,DO_HESS_TEST,double> ad1(-.349993852164795126410604604433, g1,h1), ad2(-2000000.00000012636436079879362, g2,h2), adresMaple(1999999.65000627419956567238302, gres,hres);
  adreal<3,DO_HESS_TEST,double> adresC(ad1-ad2);
  compareAD(adresMaple, adresC);
}
{ cout << "testing " << "ad1-ad2" << endl;
  double g1  [3] = { .936753064285272320083319473608e-6, -.349993502171292943117652486781, -.699987004339585904235304973562e-6 };
  double g2  [3] = { .400000100000133333283333386668e-5, 2000002.00000199999900000133333, 2000000.00000066666566666693334 };
  double gres[3] = { -.306324793571606101275001439307e-5, -2000002.34999550217029294445098, -2000000.00000136665267100651924 };
  double h1  [9] = { .349993852164795123410604604433e-6, .936752127533144786938532535075, .187350425506628957387706507015e-5, .936752127533144786938532535075, .18e-10, .9e-11, .187350425506628957387706507015e-5, .9e-11, -.699987004342585904235304973562 };
  double h2  [9] = { .400000000000133333333333386668e-11, 4.00000200000399999900000266667, 4.00000000000133333233333386668, 4.00000200000399999900000266667, 2000003.99999900000533333341667, 2000000000001.99999800000133333, 4.00000000000133333233333386668, 2000000000001.99999800000133333, -.999999999999500000000000041667e-6 };
  double hres[9] = { .349989852164795122077271271099e-6, -3.06324987247085521206147013159, -3.99999812649707826604375998961, -3.06324987247085521206147013159, -2000003.99999899998733333341667, -2000000000001.99999799999233333, -3.99999812649707826604375998961, -2000000000001.99999799999233333, -.699986004342585904735304973562 };
  adreal<3,DO_HESS_TEST,double> ad1(-.349993852164795120410604604433e-6, g1,h1), ad2(2.00000100000066666616666693334, g2,h2), adresMaple(-2.00000134999451883096178734394, gres,hres);
  adreal<3,DO_HESS_TEST,double> adresC(ad1-ad2);
  compareAD(adresMaple, adresC);
}
{ cout << "testing " << "ad1-ad2" << endl;
  double g1  [3] = { .936753064285272320083319473608, -.349993502162292952117652486781, -.699987004342585901235304973562 };
  double g2  [3] = { 4.00000000000187363563920200640, 2000000000003.08060461173761276, 1999999.99999982519568185903683 };
  double gres[3] = { -3.06324693571660131555588253279, -2000000000003.43059811389990571, -2000000.69998682953826776027213 };
  double h1  [9] = { .349993852164795123410604604433, .936752127533144786938532535075, 1.87350425506628957387706507015, .936752127533144786938532535075, .18e-4, .9e-11, 1.87350425506628957387706507015, .9e-11, -.699987004342585904235304973562 };
  double h2  [9] = { .400000000000133333333333386668e-5, 4000000.00000508060461173894610, 4.00000000000049186234852597017, 4000000.00000508060461173894610, 5080604.61174161276813521108157, 2000000000000.31705803038554032, 4.00000000000049186234852597017, 2000000000000.31705803038554032, -.540302305868139717400936607443e-6 };
  double hres[9] = { .349989852164795122077271271099, -3999999.06325295307146695200757, -2.12649574493420228847146090002, -3999999.06325295307146695200757, -5080604.61172361276813521108157, -2000000000000.31705803037654032, -2.12649574493420228847146090002, -2000000000000.31705803037654032, -.699986464040280036095587572625 };
  adreal<3,DO_HESS_TEST,double> ad1(-.349993852164795120410604604433, g1,h1), ad2(2000000.00000120696897253507306, g2,h2), adresMaple(-2000000.34999505913376765548366, gres,hres);
  adreal<3,DO_HESS_TEST,double> adresC(ad1-ad2);
  compareAD(adresMaple, adresC);
}
{ cout << "testing " << "ad1-ad2" << endl;
  double g1  [3] = { 93.6752136900666062269980404460, -.349993502081292952117652486781, -6.99987004342585903935304973562 };
  double g2  [3] = { 40.0000000000124942618042622143, 20000000000018.3218569418604284, 2000000.00000121068777755630315 };
  double gres[3] = { 53.6752136900541119651937782317, -20000000000018.6718504439417214, -2000006.99987125411363659565620 };
  double h1  [9] = { 34.9993505671227973830582007958, .936752127533144786938532535075, 18.7350425506628957387706507015, .936752127533144786938532535075, .180e-3, .9e-11, 18.7350425506628957387706507015, .9e-11, -.699987004342585904235304973562 };
  double h2  [9] = { .400000000000133333333333386668e-4, 40000000.0000383218569418737618, 4.00000000000187735444422323649, 40000000.0000383218569418737618, 38321856.9419004284288156507712, 2000000000003.08804222178007296, 4.00000000000187735444422323649, 2000000000003.08804222178007296, .839071529076452452258863947824e-6 };
  double hres[9] = { 34.9993105671227973697248674625, -39999999.0632861943237970868233, 14.7350425506610183843264274650, -39999999.0632861943237970868233, -38321856.9417204284288156507712, -2000000000003.08804222177107296, 14.7350425506610183843264274650, -2000000000003.08804222177107296, -.699987843414114980687757232426 };
  adreal<3,DO_HESS_TEST,double> ad1(-34.9993505671227973530582007958, g1,h1), ad2(20000000.0000058275951375928809, g2,h2), adresMaple(-20000034.9993563947179349459391, gres,hres);
  adreal<3,DO_HESS_TEST,double> adresC(ad1-ad2);
  compareAD(adresMaple, adresC);
}
{ cout << "testing " << "ad1-ad2" << endl;
  double g1  [3] = { 936752127534.081539066065679862, 8999999.65000649782870704788235, -699984.004342585904235304973562 };
  double g2  [3] = { 6229630898620.54567415543237463, 6851037641631393026.13842415667, 3114815799303.30663230690173257 };
  double gres[3] = { -5292878771086.46413508936669476, -6851037641622393026.48841765884, -3114816499287.31097489280596788 };
  double h1  [9] = { 349993502171.642945619823779733, .936752127533144786938532535075, 1873504.25506628957387706507015, .936752127533144786938532535075, 18000000., 9., 1873504.25506628957387706507015, 9., -.699987004342585904235304973562 };
  double h2  [9] = { 6229630.89861960892202789922984, 13702075283260.9125480217820238, 6229631.24861311109332085134749, 13702075283260.9125480217820238, 21339717889952508469.4157567441, 6851038341616.52386446926210240, 6229631.24861311109332085134749, 6851038341616.52386446926210240, -936752.127533144786938532535075 };
  double hres[9] = { 349987272540.744326010901751834, -13702075283259.9757958942488790, -4356126.99354682151944378627734, -13702075283259.9757958942488790, -21339717889934508469.4157567441, -6851038341607.52386446926210240, -4356126.99354682151944378627734, -6851038341607.52386446926210240, 936751.427546140444352628299770 };
  adreal<3,DO_HESS_TEST,double> ad1(-349990502171.642945619823779733, g1,h1), ad2(3114815449310741213.14148275971, g2,h2), adresMaple(-3114815799301243384.78442837953, gres,hres);
  adreal<3,DO_HESS_TEST,double> adresC(ad1-ad2);
  compareAD(adresMaple, adresC);
}
{ cout << "testing " << "ad1-ad2" << endl;
  double g1  [3] = { 1.87350425506628957387706507015, -9.34999350217129295211765248678, 3.69998700434258590423530497356 };
  double g2  [3] = { -6229630.35831730305388818182890, -6851036561024.90778560392306523, 3114816290780.78926891045626742 };
  double gres[3] = { 6229632.23182155812017775570597, 6851036561015.55779210175177228, -3114816290777.08928190611368152 };
  double h1  [9] = { .699987004342585904235304973562, .936752127533144786938532535075, -1.87350425506628957387706507015, .936752127533144786938532535075, -18., 9., -1.87350425506628957387706507015, 9., -.699987004342585904235304973562 };
  double h2  [9] = { -6.22963089861960892202789922984, -13702074.2026544273074872809323, 6229631.74009059372992440588234, -13702074.2026544273074872809323, -21339716809346.0232288812556526, 6851039324571.48913767637117210, 6229631.74009059372992440588234, 6851039324571.48913767637117210, -540302.305868139717400936607443 };
  double hres[9] = { 6.92961790296219482626320420340, 13702075.1394065548406320678708, -6229633.61359484879621397975941, 13702075.1394065548406320678708, 21339716809328.0232288812556526, -6851039324562.48913767637117210, -6229633.61359484879621397975941, -6851039324562.48913767637117210, 540301.605881135374815032372138 };
  adreal<3,DO_HESS_TEST,double> ad1(-3.69998700434258590423530497356, g1,h1), ad2(-3114814909007.49859287423221398, g2,h2), adresMaple(3114814909003.79860586988962808, gres,hres);
  adreal<3,DO_HESS_TEST,double> adresC(ad1-ad2);
  compareAD(adresMaple, adresC);
}
{ cout << "testing " << "ad1-ad2" << endl;
  double g1  [3] = { .936752127534081539066065679862, -.349984502171292952117652486781, 2.99999930001299565741409576470 };
  double g2  [3] = { 7.22963089861910892202789927151, 8851037.64162851952188335795043, 3114815449308.80446101394978159 };
  double gres[3] = { -6.29287877108502738296183359165, -8851037.99161302169317631006808, -3114815449305.80446171393678593 };
  double h1  [9] = { .349993502171642945619823779733, .936752127533144786938532535075, .187350425506628957387706507015e-5, .936752127533144786938532535075, .18e-4, 9., .187350425506628957387706507015e-5, 9., -.699987004342585904235304973562 };
  double h2  [9] = { .622963089861960892202789922984e-5, 15.7020752832580390437667158175, 6229630.89861860892202789939651, 15.7020752832580390437667158175, 23339717.8899496349651606905378, 6851037641627.51952188335820043, 6229630.89861860892202789939651, 6851037641627.51952188335820043, -999999.999999500000000000041667 };
  double hres[9] = { .349987272540744326010901751834, -14.7653231557248942568281832824, -6229630.89861673541777283310694, -14.7653231557248942568281832824, -23339717.8899316349651606905378, -6851037641618.51952188335820043, -6229630.89861673541777283310694, -6851037641618.51952188335820043, 999999.300012495657414095806362 };
  adreal<3,DO_HESS_TEST,double> ad1(-.349990502171642945619823779733, g1,h1), ad2(4114815.44930930446101394965659, g2,h2), adresMaple(-4114815.79929980663265689527641, gres,hres);
  adreal<3,DO_HESS_TEST,double> adresC(ad1-ad2);
  compareAD(adresMaple, adresC);
}
{ cout << "testing " << "ad1-ad2" << endl;
  double g1  [3] = { 1.87350425506628957387706507015, 8.65000649782870704788234751322, 2.30001299565741409576469502644 };
  double g2  [3] = { 6229631.43892191479016761663078, 6851038722234.13125816279266897, 3114814607838.81965311744296242 };
  double gres[3] = { -6229629.56541765972387804275371, -6851038722225.48125166496396192, -3114814607836.51964012178554832 };
  double h1  [9] = { .699987004342585904235304973562, .936752127533144786938532535075, 1.87350425506628957387706507015, .936752127533144786938532535075, 18., 9., 1.87350425506628957387706507015, 9., -.699987004342585904235304973562 };
  double h2  [9] = { 6.22963089861960892202789922984, 13702076.3638636507800461505361, 6229630.05714862411413139257734, 13702076.3638636507800461505361, 21339718970555.2467014401252564, 6851035958687.54990609034456210, 6229630.05714862411413139257734, 6851035958687.54990609034456210, -540302.305868139717400936607443 };
  double hres[9] = { -5.52964389427702301779259425628, -13702075.4271115232469013635976, -6229628.18364436904784181870027, -13702075.4271115232469013635976, -21339718970537.2467014401252564, -6851035958678.54990609034456210, -6229628.18364436904784181870027, -6851035958678.54990609034456210, 540301.605881135374815032372138 };
  adreal<3,DO_HESS_TEST,double> ad1(2.30001299565741409576469502644, g1,h1), ad2(3114815989612.11032915366701586, g2,h2), adresMaple(-3114815989609.81031615800960176, gres,hres);
  adreal<3,DO_HESS_TEST,double> adresC(ad1-ad2);
  compareAD(adresMaple, adresC);
}
{ cout << "testing " << "ad1-ad2" << endl;
  double g1  [3] = { 94.6119648808476234807917860426, 89.6500064978287070478823475132, -3.99987004342585904235304973562 };
  double g2  [3] = { 62296308.1471245601438265400395, 68510374738152.1370659286741533, 3114815993330.91535038376301967 };
  double gres[3] = { -62296213.5351596792962030592477, -68510374738062.4870594308454463, -3114815993334.91522042718887871 };
  double h1  [9] = { 35.3493437193005881638829011649, .936752127533144786938532535075, 18.7350425506628957387706507015, .936752127533144786938532535075, 180., 9., 18.7350425506628957387706507015, 9., -.699987004342585904235304973562 };
  double h2  [9] = { 62.2963089861960892202789922984, 137020751.154447332284762252824, 6229631.44264071981139771263459, 137020751.154447332284762252824, 213397177221363.291498702000027, 6851038729671.74130062298467660, 6229631.44264071981139771263459, 6851038729671.74130062298467660, 839071.529076452452258863947824 };
  double hres[9] = { -26.9469652668955010563960911335, -137020750.217695204751617465886, -6229612.70759816914850197386394, -137020750.217695204751617465886, -213397177221183.291498702000027, -6851038729662.74130062298467660, -6229612.70759816914850197386394, -6851038729662.74130062298467660, -839072.229063456794844768183129 };
  adreal<3,DO_HESS_TEST,double> ad1(-5.3493437193005881638829011649, g1,h1), ad2(31148153654026.5155336870438903, g2,h2), adresMaple(-31148153654031.8648774063444785, gres,hres);
  adreal<3,DO_HESS_TEST,double> adresC(ad1-ad2);
  compareAD(adresMaple, adresC);
}
{ cout << "testing " << "ad1-ad2" << endl;
  double g1  [3] = { 936752127542.512308213863982944, 899999999.650006497828707047882, -696987.004342585904235304973562 };
  double g2  [3] = { 2593443309930.02189778981421073, 2840743525185598156.34115753065, 1296756654268.39047181346163127 };
  double gres[3] = { -1656691182387.50958957595022779, -2840743524285598156.69115103282, -1296757351255.39481439936586657 };
  double h1  [9] = { 349993502174.792887139365416302, .936752127533144786938532535075, 1873504.25506628957387706507015, .936752127533144786938532535075, 180000000., 900., 1873504.25506628957387706507015, 900., -.699987004342585904235304973562 };
  double h2  [9] = { 2593443.30983634668503649973204, 5681487050352.46127013165216555, 2593478.30918656381433171149729, 5681487050352.46127013165216555, 3683653645154333844.90060146618, 2840750525036.90653964953698796, 2593478.30918656381433171149729, 2840750525036.90653964953698796, -93675212.7533144786938532535075 };
  double hres[9] = { 349990908731.483050792680379802, -5681487050351.52451800411902076, -719974.054120274240454646427139, -5681487050351.52451800411902076, -3683653644974333844.90060146618, -2840750524136.90653964953698796, -719974.054120274240454646427139, -2840750524136.90653964953698796, 93675212.0533274743512673492722 };
  adreal<3,DO_HESS_TEST,double> ad1(-346993502174.792887139365416302, g1,h1), ad2(1296721655011848555.27156434471, g2,h2), adresMaple(-1296722002005350730.06445148408, gres,hres);
  adreal<3,DO_HESS_TEST,double> adresC(ad1-ad2);
  compareAD(adresMaple, adresC);
}
{ cout << "testing " << "ad1-ad2" << endl;
  double g1  [3] = { 10.3042734028645926563238578858, -900.349993502171292952117652487, 3000.69998700434258590423530497 };
  double g2  [3] = { -2593389.27960575987106475963838, -2840732719120.74575099614661618, 1296805802016.65413216891511625 };
  double gres[3] = { 2593399.58387916273565741596224, 2840732718220.39575749397532323, -1296805799015.95414516457253035 };
  double h1  [9] = { 3.84992852388422247329417735459, .936752127533144786938532535075, -1.87350425506628957387706507015, .936752127533144786938532535075, -180., 900., -1.87350425506628957387706507015, 900., -.699987004342585904235304973562 };
  double h2  [9] = { -2.59344330983634668503649973204, -5681476.24428760886478664125108, 2593527.45693482747468716498227, -5681476.24428760886478664125108, -3683652564547.84860436610037474, 2840760354586.55927172062768496, 2593527.45693482747468716498227, 2840760354586.55927172062768496, -54030230.5868139717400936607443 };
  double hres[9] = { 6.44337183372056915833067708663, 5681477.18103973639793142818961, -2593529.33043908254097673885934, 5681477.18103973639793142818961, 3683652564367.84860436610037474, -2840760353686.55927172062768496, -2593529.33043908254097673885934, -2840760353686.55927172062768496, 54030229.8868269673975077565090 };
  adreal<3,DO_HESS_TEST,double> ad1(-3003.84992852388422247329417735, g1,h1), ad2(-1296667624687.58652854650977236, g2,h2), adresMaple(1296667621683.73660002262554989, gres,hres);
  adreal<3,DO_HESS_TEST,double> adresC(ad1-ad2);
  compareAD(adresMaple, adresC);
}
{ cout << "testing " << "ad1-ad2" << endl;
  double g1  [3] = { 9.36752127533238462151285849554, -.349093502171292952117652486781, 2999.99999930001299565741409576 };
  double g2  [3] = { 102.593443309786346685036503899, 22840743.5251568631137904954682, 1296721654818.17334251826653269 };
  double gres[3] = { -93.2259220344539620635236454032, -22840743.8742503652850834475859, -1296721651818.17334321825353703 };
  double h1  [9] = { 3.49993502171327951467869616076, .936752127533144786938532535075, .187350425506628957387706507015e-5, .936752127533144786938532535075, .180e-3, 900., .187350425506628957387706507015e-5, 900., -.699987004342585904235304973562 };
  double h2  [9] = { .259344330983634668503649973204e-5, 25.6814870503237262275809901031, 2593443.30973634668503651639871, 25.6814870503237262275809901031, 5683653.64515146034064553525994, 2840743525146.86311379049796824, 2593443.30973634668503651639871, 2840743525146.86311379049796824, -99999999.9999500000000000041667 };
  double hres[9] = { 3.49993242826996967833201112426, -24.7447349227905814406424575680, -2593443.30973447318078145010914, -24.7447349227905814406424575680, -5683653.64497146034064553525994, -2840743524246.86311379049796824, -2593443.30973447318078145010914, -2840743524246.86311379049796824, 99999999.2999629956574140999314 };
  adreal<3,DO_HESS_TEST,double> ad1(-3.49693502171327951467869616076, g1,h1), ad2(101296721.654868173342518254033, g2,h2), adresMaple(-101296725.151803195055797768711, gres,hres);
  adreal<3,DO_HESS_TEST,double> adresC(ad1-ad2);
  compareAD(adresMaple, adresC);
}
{ cout << "testing " << "ad1-ad2" << endl;
  double g1  [3] = { 10.3042734028645926563238578858, 899.650006497828707047882347513, 2999.30001299565741409576469503 };
  double g2  [3] = { 2593497.34006693349900823982570, 2840754331212.98047658484265364, 1296637507819.69255286758461579 };
  double gres[3] = { -2593487.03579353063441558350184, -2840754330313.33047008701394659, -1296637504820.39253987192720169 };
  double h1  [9] = { 3.84992852388422247329417735459, .936752127533144786938532535075, 1.87350425506628957387706507015, .936752127533144786938532535075, 180., 900., 1.87350425506628957387706507015, 900., -.699987004342585904235304973562 };
  double h2  [9] = { 2.59344330983634668503649973204, 5681497.85637984359037533728854, 2593359.16273786589538583448181, 5681497.85637984359037533728854, 3683654725757.07207692496997848, 2840726695747.16695586036158486, 2593359.16273786589538583448181, 2840726695747.16695586036158486, -54030230.5868139717400936607443 };
  double hres[9] = { 1.25648521404787578825767762255, -5681496.91962771605723055035001, -2593357.28923361082909626060474, -5681496.91962771605723055035001, -3683654725577.07207692496997848, -2840726694847.16695586036158486, -2593357.28923361082909626060474, -2840726694847.16695586036158486, 54030229.8868269673975077565090 };
  adreal<3,DO_HESS_TEST,double> ad1(2996.15007147611577752670582265, g1,h1), ad2(1296775685148.76015648998995968, g2,h2), adresMaple(-1296775682152.61008501387418215, gres,hres);
  adreal<3,DO_HESS_TEST,double> adresC(ad1-ad2);
  compareAD(adresMaple, adresC);
}
{ cout << "testing " << "ad1-ad2" << endl;
  double g1  [3] = { 103.042734028645926563238578858, 8999.65000649782870704788234751, 2993.00012995657414095764695026 };
  double g2  [3] = { 25934349.1912105592051197714340, 28407418470238.0496088559011718, 1296776057029.26227949959034079 };
  double gres[3] = { -25934246.1484765305591932081954, -28407418461238.3996023580724648, -1296776054036.26214954301619983 };
  double h1  [9] = { 38.4992852388422247329417735459, .936752127533144786938532535075, 18.7350425506628957387706507015, .936752127533144786938532535075, 1800., 900., 18.7350425506628957387706507015, 900., -.699987004342585904235304973562 };
  double h2  [9] = { 25.9344330983634668503649973204, 56814853.7219066807467608475208, 2593497.71194743562201784020681, 56814853.7219066807467608475208, 36836534773381.5452535504472484, 2840754405589.08090118676272986, 2593497.71194743562201784020681, 2840754405589.08090118676272986, 83907152.9076452452258863947824 };
  double hres[9] = { 12.5648521404787578825767762255, -56814852.7851545532136160605823, -2593478.97690488495912210143616, -56814852.7851545532136160605823, -36836534771581.5452535504472484, -2840754404689.08090118676272986, -2593478.97690488495912210143616, -2840754404689.08090118676272986, -83907153.6076322495684722990177 };
  adreal<3,DO_HESS_TEST,double> ad1(29961.5007147611577752670582265, g1,h1), ad2(12967132642028.8257799372727738, g2,h2), adresMaple(-12967132612067.3250651761149985, gres,hres);
  adreal<3,DO_HESS_TEST,double> adresC(ad1-ad2);
  compareAD(adresMaple, adresC);
}
{ cout << "testing " << "ad1-ad2" << endl;
  double g1  [3] = { 540302846170.445585540654008380, 8999999999999999999.15852901519, 2999999999998317058.03038420699 };
  double g2  [3] = { 936753622030.960737334649229063, 405686.21016877343430675418196, -349993502172.040201025627684839 };
  double gres[3] = { -396450775860.515151793995220683, 8999999999999594312.94836024175, 3000000349991819230.07058523262 };
  double h1  [9] = { 841471826278.881314549008974132, .540302305868139717400936607443, 1080604.61173627943480187321489, .540302305868139717400936607443, 18000000000000., 9000000000000., 1080604.61173627943480187321489, 9000000000000., -1.68294196961579301330500464326 };
